age,gender,pressurehight,pressurelow,glucose,kcm,troponin,class
64,0,91,61,119.0,2.97,1.53,positive
43,0,89,57,98.0,2.46,0.006,negative
82,1,126,65,137.0,39.53,0.006,positive
34,0,125,69,152.0,2.07,0.013,negative
41,1,113,68,100.0,4.58,0.003,negative
28,1,91,61,239.0,208.6,0.003,positive
58,1,91,50,182.0,15.23,0.013,positive
65,1,117,61,84.0,1.58,0.397,positive
65,1,118,64,120.0,4.68,0.114,positive
77,0,138,58,104.0,3.29,0.035,positive
40,1,94,55,147.0,2.85,0.023,positive
36,1,147,78,77.0,4.58,0.004,negative
40,1,122,70,185.0,2.8,0.003,negative
47,1,105,71,113.0,1.73,0.434,positive
55,0,130,80,232.0,6.66,0.039,positive
29,1,170,104,68.0,1.33,0.006,negative
62,0,145,67,208.0,1.29,0.009,negative
27,1,105,71,105.0,2.73,0.461,positive
37,0,102,68,104.0,1.35,0.007,negative
53,0,165,83,99.0,1.41,0.011,negative
60,1,135,75,94.0,147.4,3.85,positive
59,1,127,56,208.0,5.34,0.412,positive
39,1,126,75,166.0,1.79,0.79,positive
54,0,103,74,154.0,1.77,0.004,negative
49,1,119,76,35.0,5.68,0.05,positive
75,0,134,85,201.0,1.24,0.007,negative
65,1,177,105,120.0,3.68,0.011,negative
41,1,153,91,302.0,1.42,0.005,negative
41,1,147,78,155.0,7.01,0.003,positive
69,1,86,70,87.0,4.37,0.017,positive
45,1,144,78,189.0,2.42,0.006,negative
70,0,150,95,91.0,2.51,0.015,positive
45,1,130,74,251.0,2.19,0.015,positive
60,1,91,51,115.0,2.56,0.099,positive
71,1,134,58,107.0,2.59,0.006,negative
67,1,117,42,101.0,3.7,0.068,positive
59,1,119,66,404.0,2.85,0.008,negative
77,0,110,65,137.0,3.12,0.043,positive
73,0,130,72,79.0,1.4,0.007,negative
65,1,130,74,109.0,19.63,0.017,positive
56,1,105,71,190.0,4.16,0.003,negative
60,1,140,90,230.0,1.25,0.009,negative
57,1,130,70,92.0,4.25,0.008,negative
59,1,148,89,431.0,300.0,1.23,positive
63,1,135,80,106.0,12.22,0.003,positive
66,1,100,56,245.0,2.12,0.003,negative
54,1,126,64,153.0,8.32,0.009,positive
63,1,100,68,90.0,3.73,0.005,negative
63,1,100,68,110.0,2.79,0.003,negative
57,1,129,77,251.0,4.34,10.3,positive
43,0,111,52,97.0,1.69,0.005,negative
48,1,150,95,100.0,14.72,0.014,positive
65,1,129,55,117.0,1.9,0.078,positive
21,1,150,78,98.0,10.75,0.602,positive
36,0,120,71,100.0,4.15,0.004,negative
67,1,119,72,109.0,1.5,0.009,negative
45,1,117,72,98.0,3.0,0.004,negative
53,1,118,64,147.0,31.97,0.008,positive
62,0,101,54,241.0,51.9,0.01,positive
62,1,154,86,159.0,1.16,0.003,negative
40,1,138,93,342.0,4.8,0.003,negative
72,1,112,65,104.0,23.8,0.041,positive
56,0,117,78,99.0,25.97,0.006,positive
70,1,119,75,97.0,8.23,0.016,positive
65,0,123,70,201.0,2.22,0.003,negative
56,1,145,62,188.0,3.04,0.007,negative
40,1,102,64,92.0,4.14,0.003,negative
67,1,118,72,302.0,1.43,0.722,positive
45,0,87,47,82.0,2.38,0.003,negative
58,0,121,65,140.0,4.39,0.076,positive
66,1,115,72,224.0,3.48,0.009,negative
53,1,129,75,95.0,2.41,0.024,positive
66,0,113,62,266.0,300.0,0.012,positive
54,0,191,110,140.0,2.59,0.54,positive
53,1,147,103,346.0,5.11,0.006,negative
62,1,150,75,130.0,3.5,0.024,positive
71,0,141,93,90.0,1.16,0.012,negative
50,1,138,82,102.0,1.11,1.4,positive
51,1,127,82,130.0,5.16,0.13,positive
56,1,85,44,97.0,1.28,0.006,negative
52,1,122,60,217.0,4.45,0.003,negative
42,1,153,91,98.0,5.46,0.003,negative
44,1,128,63,408.0,2.39,0.005,negative
65,1,140,70,200.0,7.55,0.011,positive
56,0,128,63,250.0,2.12,0.009,negative
51,1,157,79,134.0,50.89,1.77,positive
49,1,119,75,133.0,2.2,0.88,positive
77,0,91,52,116.0,1.42,0.026,positive
28,1,110,60,101.0,0.92,0.003,negative
43,0,107,86,67.0,2.26,0.003,negative
52,1,94,63,115.0,0.718,0.219,positive
44,0,100,71,116.0,7.02,0.014,negative
65,1,100,57,93.0,3.46,0.106,positive
44,1,122,67,204.0,1.63,0.006,negative
61,1,170,95,157.0,4.67,0.057,positive
29,1,157,93,228.0,300.0,0.003,positive
63,0,124,66,271.0,0.657,0.021,positive
57,1,95,61,93.0,1.17,0.016,positive
50,0,125,78,336.0,6.36,0.005,positive
58,1,123,68,222.0,1.81,0.2,positive
70,0,104,65,154.0,1.67,1.63,positive
73,1,115,62,161.0,0.609,0.014,negative
41,1,93,48,122.0,3.59,0.048,positive
64,1,140,81,91.0,1.63,0.023,positive
51,1,126,75,188.0,1.6,0.011,negative
70,1,109,76,103.0,25.56,0.028,positive
48,0,118,78,141.0,18.96,0.007,positive
62,1,95,61,408.0,1.85,2.96,positive
69,1,156,74,135.0,1.59,0.299,positive
71,1,107,64,97.0,1.97,1.45,positive
55,1,100,72,132.0,2.57,1.63,positive
45,1,167,105,117.0,58.29,0.003,positive
54,0,93,64,141.0,11.32,0.372,positive
58,0,120,80,177.0,18.15,0.005,positive
70,0,144,79,89.0,1.83,0.007,negative
47,0,113,82,143.0,3.3,0.003,negative
21,1,98,46,296.0,6.75,1.06,positive
22,1,126,63,128.0,5.41,0.004,negative
70,0,119,78,64.0,2.09,0.099,positive
58,0,129,75,87.0,5.58,0.014,positive
49,0,151,97,99.0,4.66,0.003,negative
55,1,104,87,98.0,3.65,0.008,negative
65,0,124,62,141.0,1.53,0.105,positive
40,0,160,95,123.0,11.87,0.03,positive
46,0,93,48,97.0,10.33,0.923,positive
36,1,125,79,218.0,78.89,0.128,positive
34,1,152,78,87.0,4.72,0.003,negative
45,1,110,65,83.0,2.42,0.096,positive
50,0,120,71,120.0,0.609,0.013,negative
60,1,42,64,106.0,0.879,0.426,negative
62,0,129,59,98.0,3.23,0.007,negative
72,1,106,68,111.0,2.11,1.39,positive
60,1,117,57,111.0,1.9,0.006,negative
52,1,109,85,227.0,0.665,0.491,positive
52,1,123,82,86.0,4.02,0.007,negative
56,0,102,63,211.0,4.26,0.208,positive
70,1,145,68,61.0,286.9,0.004,positive
68,1,98,60,96.0,254.4,0.025,positive
49,1,117,76,87.0,1.83,0.051,positive
45,1,113,62,215.0,0.569,0.007,negative
42,1,152,87,113.0,2.31,0.003,negative
70,1,122,67,229.0,3.38,2.32,positive
88,1,124,100,150.0,251.4,0.012,positive
63,1,107,69,112.0,101.9,0.017,positive
59,1,140,82,119.0,8.21,0.98,positive
75,1,100,50,114.0,0.681,0.088,positive
60,1,160,70,154.0,4.02,0.331,positive
70,0,87,48,100.0,89.22,0.023,positive
77,1,115,72,134.0,19.5,0.009,positive
54,0,104,60,50.0,8.14,0.006,positive
64,1,137,76,149.0,3.52,0.929,positive
55,1,160,77,270.0,1.99,0.003,negative
52,0,114,54,422.0,2.31,0.008,negative
65,1,142,75,108.0,165.0,0.058,positive
64,1,138,93,77.0,8.08,0.021,positive
63,1,107,70,102.0,134.7,0.007,positive
48,1,150,95,121.0,0.516,0.009,negative
46,1,165,94,95.0,2.82,0.009,negative
29,0,223,118,86.0,4.93,0.003,positive
63,1,179,86,122.0,94.79,0.004,positive
66,0,117,83,132.0,6.61,0.003,positive
67,0,127,61,105.0,6.57,0.327,positive
60,0,125,79,123.0,25.1,0.009,positive
63,0,130,70,77.0,3.2,0.006,negative
72,0,138,82,195.0,1.79,0.008,negative
30,1,135,65,105.0,3.25,0.005,negative
49,1,192,56,134.0,2.34,0.029,positive
55,0,141,93,95.0,7.97,0.032,positive
66,1,125,78,112.0,2.87,0.028,positive
79,0,120,68,101.0,1.5,0.006,negative
65,0,100,57,96.0,144.9,0.034,positive
33,1,139,67,50.0,0.813,0.004,positive
31,1,102,64,104.0,300.0,0.003,positive
47,1,117,49,116.0,24.2,0.003,positive
73,0,123,70,94.0,9.96,0.012,positive
33,1,138,93,100.0,1.77,0.025,positive
41,1,104,60,104.0,9.82,0.003,positive
48,1,129,77,110.0,4.73,0.006,negative
73,1,144,79,142.0,4.19,0.014,negative
62,1,128,80,167.0,3.29,0.028,positive
41,1,95,53,145.0,5.1,0.016,positive
63,1,117,68,226.0,300.0,0.025,positive
75,1,113,52,98.0,1.61,0.005,negative
70,1,136,82,233.0,2.56,2.16,positive
21,1,204,84,93.0,2.71,0.002,negative
67,1,134,89,106.0,2.37,0.032,positive
64,0,157,83,223.0,0.676,0.049,positive
56,1,125,88,95.0,2.12,0.037,positive
63,1,164,90,95.0,2.6,0.507,positive
68,1,120,70,147.0,1.87,0.036,positive
47,0,103,58,89.0,1.66,0.004,negative
66,1,91,61,111.0,2.22,0.015,positive
74,1,135,84,99.0,1.17,0.043,positive
55,0,144,78,133.0,1.79,0.011,negative
60,1,160,95,294.0,2.68,0.005,negative
60,1,151,78,301.0,1.6,0.005,negative
50,1,112,74,146.0,10.11,1.4,positive
60,1,179,83,347.0,1.25,0.043,positive
43,0,180,104,162.0,1.5,0.005,negative
40,0,148,73,117.0,3.32,0.008,negative
77,0,111,70,277.0,3.17,0.021,positive
62,1,134,85,109.0,5.77,0.01,negative
67,1,112,68,98.0,2.93,0.008,negative
65,1,150,78,108.0,1.47,1.25,positive
49,1,132,85,103.0,49.8,0.252,positive
65,1,130,73,156.0,3.2,0.076,positive
48,1,127,61,98.0,4.61,0.006,negative
60,0,151,78,106.0,7.73,0.039,positive
58,0,105,75,161.0,1.69,0.008,negative
55,1,95,50,338.0,3.04,1.3,positive
50,1,83,60,100.0,3.36,0.01,negative
60,1,127,82,100.0,247.8,0.007,positive
43,1,124,100,110.0,9.71,0.006,positive
38,0,109,67,222.0,2.65,0.007,negative
87,1,121,60,116.0,61.2,0.017,positive
63,0,130,65,98.0,2.28,0.04,positive
52,1,161,90,77.0,1.26,0.011,negative
76,1,114,68,144.0,297.5,0.024,positive
60,0,134,68,123.0,1.54,0.054,positive
38,1,126,76,221.0,1.11,0.008,negative
56,1,67,80,91.0,2.09,0.004,negative
50,1,95,53,184.0,3.94,0.267,positive
60,1,110,58,132.0,1.66,0.041,positive
55,0,138,79,105.0,1.61,0.009,negative
50,1,95,70,94.0,2.42,1.46,positive
46,1,87,48,368.0,6.4,0.042,positive
58,1,144,79,99.0,1.65,0.431,positive
57,1,93,65,133.0,16.62,0.017,positive
55,1,109,76,216.0,19.47,0.697,positive
42,1,166,90,90.0,3.4,0.014,negative
68,1,135,84,108.0,3.76,0.012,negative
66,1,105,70,290.0,300.0,0.016,positive
75,1,120,83,105.0,1.08,0.017,positive
65,1,98,53,407.0,1.82,0.039,positive
45,1,100,68,202.0,3.18,0.003,negative
47,0,200,110,97.0,13.73,0.959,positive
52,1,167,80,303.0,25.36,0.013,positive
55,0,107,86,147.0,3.46,0.003,negative
48,1,150,94,98.0,2.04,0.01,negative
55,0,97,44,98.0,2.55,0.01,negative
65,1,115,78,119.0,17.32,1.39,positive
73,0,150,75,125.0,1.44,0.014,negative
64,0,104,87,227.0,0.493,0.011,negative
43,0,129,89,318.0,74.45,0.007,positive
68,1,80,42,89.0,1.2,0.011,negative
51,0,140,82,101.0,1.69,0.008,negative
60,0,138,86,124.0,15.88,0.043,positive
61,1,117,78,92.0,42.5,0.043,positive
60,0,135,81,119.0,1.66,0.003,negative
25,0,76,55,104.0,1.12,0.003,negative
103,0,171,56,150.0,51.96,0.044,positive
50,1,105,70,103.0,16.95,0.003,positive
46,0,156,82,147.0,2.19,0.271,positive
55,0,117,83,200.0,0.78,0.052,positive
73,0,100,71,81.0,11.4,0.02,positive
70,1,106,68,240.0,10.04,1.43,positive
72,0,155,85,202.0,64.86,0.019,positive
55,1,155,75,107.0,1.47,0.314,positive
38,0,125,88,90.0,1.04,0.003,negative
66,1,160,83,103.0,71.77,0.015,positive
79,1,140,100,157.0,4.74,0.191,positive
64,1,155,75,107.0,1.3,0.004,negative
72,0,160,70,130.0,8.54,0.015,positive
51,1,102,68,157.0,2.5,0.036,positive
